[[instances]]
name = "Left"
intrinsic = [
    3284.79812588220,
    0.0,
    630.593460082487,
    0.0,
    3283.27151558228,
    506.385075149081,
    0.0,
    0.0,
    1.0,
]
distortion = [-0.0211839763711448, 0.623019564996824, 0.0, 0.0, 0.0]
lidar_to_camera = [
    0.25447964,
    -0.96706113,
    0.00567415,
    11.2767257,
    0.0173479,
    -0.00130148,
    -0.999849,
    13.855,
    0.96692288,
    0.25453938,
    0.01644528,
    36.70542889,
    0.0,
    0.0,
    0.0,
    1.0,
]


[[instances]]
name = "Middle"
intrinsic = [
    5314.21858569616,
    0.0,
    1275.27037614003,
    0.0,
    5314.01731877953,
    1029.37643928014,
    0.0,
    0.0,
    1.0,
]
distortion = [0.0131873731538540, 0.199942295574886, 0, 0, 0]
lidar_to_camera = [
    -0.00444956,
    -0.999989,
    0.00122446,
    6.50927,
    0.0173479,
    -0.00130148,
    -0.999849,
    -36.195,
    0.99984,
    -0.00442764,
    0.0173535,
    19.277,
    0.0,
    0.0,
    0.0,
    1.0,
]

[[instances]]
name = "Right"
intrinsic = [
    3410.41895307284,
    0.0,
    626.406320202613,
    0.0,
    3406.35962444634,
    524.586325326815,
    0.0,
    0.0,
    1.0,
]
distortion = [-0.0179008381676995, 0.305928124419072, 0.0, 0.0, 0.0]
lidar_to_camera = [
    -0.26307553,
    -0.96476922,
    -0.00330868,
    1.29821797,
    0.0173479,
    -0.00130148,
    -0.999849,
    -86.245,
    0.96461962,
    -0.26309292,
    0.01707911,
    0.5348744,
    0.0,
    0.0,
    0.0,
    1.0,
]
